89 99 360
89 99 180
100 78 180
100 78 360
74 4 270
74 4 90
69 8 90
69 8 270

53 78 360
53 78 180
43 67 270
43 67 90

40 23 180
40 23 360

85 23 180
85 23 360
18 37 180
18 37 360

53 38 180
53 38 360
50 15 90
50 15 270
21 61 270
21 61 90

93 59 180
93 59 360
96 31 360
96 31 180
62 42 270
62 42 90

35 53 180
35 53 360

89 58 360
89 58 180
18 98 270
18 98 90

15 45 90
15 45 270
99 18 180
99 18 360
47 41 360
47 41 180
20 93 90
20 93 270

100 66 90
100 66 270
85 27 90
85 27 270
13 54 360
13 54 180

81 68 270
81 68 90

56 36 360
56 36 180
83 11 180
83 11 360
74 52 270
74 52 90
47 84 270
47 84 90

100 96 90
100 96 270
72 87 180
72 87 360
35 69 270
35 69 90
74 39 180
74 39 360

83 86 180
83 86 360

26 30 270
26 30 90
32 14 360
32 14 180

7 51 360
7 51 180
11 22 360
11 22 180
88 15 270
88 15 90

1 62 270
1 62 90
19 84 270
19 84 90

25 4 360
25 4 180
43 15 360
43 15 180
73 45 270
73 45 90
16 66 270
16 66 90

77 13 270
77 13 90
83 4 180
83 4 360
94 18 180
94 18 360
55 10 90
55 10 270

96 80 90
96 80 270
53 62 270
53 62 90
72 97 360
72 97 180
39 84 360
39 84 180

38 98 180
38 98 360
0 64 360
0 64 180
38 17 270
38 17 90

30 64 270
30 64 90

69 66 360
69 66 180

77 3 270
77 3 90
75 26 360
75 26 180
61 66 180
61 66 360
73 28 270
73 28 90

40 16 180
40 16 360
14 6 180
14 6 360

82 91 270
82 91 90
86 83 270
86 83 90

52 44 180
52 44 360

19 41 360
19 41 180
88 80 90
88 80 270
51 96 180
51 96 360

95 99 90
95 99 270
51 79 180
51 79 360

99 64 90
99 64 270
20 67 180
20 67 360
1 62 180
1 62 360
52 38 270
52 38 90

35 81 180
35 81 360
90 14 180
90 14 360
91 57 90
91 57 270
29 26 90
29 26 270

4 43 270
4 43 90

63 82 180
63 82 360

61 85 90
61 85 270
94 17 270
94 17 90
46 36 360
46 36 180

34 30 90
34 30 270
70 75 360
70 75 180

14 79 90
14 79 270
83 9 180
83 9 360
32 99 270
32 99 90

2 58 90
2 58 270
23 88 270
23 88 90
94 60 180
94 60 360

14 46 360
14 46 180
17 97 180
17 97 360

68 14 90
68 14 270

76 2 270
76 2 90
64 72 90
64 72 270

14 51 90
14 51 270
71 21 360
71 21 180
60 20 270
60 20 90
25 19 180
25 19 360

78 21 270
78 21 90
32 16 360
32 16 180
79 3 180
79 3 360
57 1 90
57 1 270

80 57 90
80 57 270
29 6 180
29 6 360
86 74 180
86 74 360

45 20 270
45 20 90
30 86 90
30 86 270

16 91 270
16 91 90
81 1 180
81 1 360
11 95 270
11 95 90

92 54 180
92 54 360

32 60 360
32 60 180
41 86 360
41 86 180
22 50 90
22 50 270

24 43 180
24 43 360

27 4 180
27 4 360

45 65 270
45 65 90
16 28 360
16 28 180
13 87 270
13 87 90
73 84 180
73 84 360

75 45 270
75 45 90
88 83 90
88 83 270
41 85 180
41 85 360

59 45 180
59 45 360
86 46 180
86 46 360

79 69 270
79 69 90

25 100 360
25 100 180
30 28 270
30 28 90

30 82 270
30 82 90
100 69 270
100 69 90

41 82 360
41 82 180

85 1 90
85 1 270
71 24 360
71 24 180

65 80 90
65 80 270
79 1 180
79 1 360

5 63 270
5 63 90
7 49 180
7 49 360
11 66 90
11 66 270

86 66 90
86 66 270
68 62 360
68 62 180
83 73 90
83 73 270
57 19 180
57 19 360

40 33 360
40 33 180
57 66 90
57 66 270

35 86 90
35 86 270
72 28 90
72 28 270
61 64 360
61 64 180

64 100 270
64 100 90
63 52 90
63 52 270

16 22 360
16 22 180
91 54 360
91 54 180

79 27 90
79 27 270
42 26 360
42 26 180
50 91 270
50 91 90
98 46 180
98 46 360

97 93 360
97 93 180

29 71 90
29 71 270
16 38 270
16 38 90

68 85 180
68 85 360

17 44 90
17 44 270

38 95 90
38 95 270
63 16 90
63 16 270
73 11 180
73 11 360

73 39 90
73 39 270
13 39 90
13 39 270

31 29 90
31 29 270
87 69 270
87 69 90

96 45 90
96 45 270

50 64 90
50 64 270
83 100 360
83 100 180
69 21 90
69 21 270
18 11 180
18 11 360

70 36 180
70 36 360
58 77 90
58 77 270
15 57 90
15 57 270

87 31 180
87 31 360
27 49 90
27 49 270
20 23 180
20 23 360
12 97 90
12 97 270

19 81 90
19 81 270
37 35 360
37 35 180
91 3 270
91 3 90

0 20 180
0 20 360
66 84 90
66 84 270
97 24 360
97 24 180
74 80 90
74 80 270

92 68 90
92 68 270
58 22 360
58 22 180
16 93 270
16 93 90

41 73 180
41 73 360
43 98 270
43 98 90

98 56 90
98 56 270
42 44 360
42 44 180
84 39 360
84 39 180
94 76 270
94 76 90

47 6 180
47 6 360
13 33 270
13 33 90
52 48 270
52 48 90
91 59 180
91 59 360

82 17 270
82 17 90
5 94 360
5 94 180
58 92 270
58 92 90

11 88 360
11 88 180

39 25 360
39 25 180
4 63 90
4 63 270
52 30 270
52 30 90
52 43 180
52 43 360

76 65 90
76 65 270
60 88 360
60 88 180
65 29 270
65 29 90
10 1 360
10 1 180

11 34 180
11 34 360
39 5 270
39 5 90

73 74 270
73 74 90
86 14 270
86 14 90

6 21 180
6 21 360

88 64 90
88 64 270
18 33 270
18 33 90
84 43 360
84 43 180

65 52 90
65 52 270

12 24 180
12 24 360

63 34 270
63 34 90
98 30 270
98 30 90

47 95 180
47 95 360
22 49 360
22 49 180
94 97 90
94 97 270

0 60 180
0 60 360
29 39 270
29 39 90
100 29 270
100 29 90
35 22 180
35 22 360

79 20 180
79 20 360
29 4 360
29 4 180

83 9 270
83 9 90
85 15 360
85 15 180
56 50 180
56 50 360

79 30 270
79 30 90
35 53 180
35 53 360
76 31 90
76 31 270
4 82 180
4 82 360

40 6 180
40 6 360

32 8 90
32 8 270

27 9 360
27 9 180

48 27 90
48 27 270
94 60 270
94 60 90
69 47 180
69 47 360

38 12 270
38 12 90

61 95 360
61 95 180
46 33 360
46 33 180

10 7 270
10 7 90
56 77 180
56 77 360
41 70 90
41 70 270

37 88 270
37 88 90
28 25 360
28 25 180
65 46 360
65 46 180
99 10 90
99 10 270

19 28 270
19 28 90
28 55 180
28 55 360

76 79 270
76 79 90
45 38 270
45 38 90
33 40 360
33 40 180
65 26 360
65 26 180

53 94 270
53 94 90
22 23 180
22 23 360
21 59 360
21 59 180
78 55 270
78 55 90

28 16 270
28 16 90
57 59 180
57 59 360
8 21 360
8 21 180
97 54 270
97 54 90

70 90 180
70 90 360
68 53 270
68 53 90
99 25 90
99 25 270

5 10 90
5 10 270
64 87 90
64 87 270
100 50 360
100 50 180
84 3 360
84 3 180

90 65 90
90 65 270
6 73 90
6 73 270
17 73 180
17 73 360

83 12 90
83 12 270

76 99 360
76 99 180

55 93 360
55 93 180

41 36 360
41 36 180
77 76 90
77 76 270
25 65 180
25 65 360

5 4 90
5 4 270
97 17 180
97 17 360

0 43 180
0 43 360
51 76 90
51 76 270

1 23 360
1 23 180
53 32 360
53 32 180
97 30 270
97 30 90

6 93 180
6 93 360

44 61 360
44 61 180
42 2 90
42 2 270

41 7 90
41 7 270
32 78 90
32 78 270
75 77 180
75 77 360

26 5 360
26 5 180
11 4 270
11 4 90
86 17 360
86 17 180

25 98 180
25 98 360
10 67 180
10 67 360
66 54 270
66 54 90
43 43 90
43 43 270

43 1 90
43 1 270

72 75 180
72 75 360
63 1 270
63 1 90
84 100 360
84 100 180
79 52 90
79 52 270

51 49 180
51 49 360
49 45 90
49 45 270

82 75 90
82 75 270
3 89 360
3 89 180

38 35 90
38 35 270
25 83 180
25 83 360
83 44 180
83 44 360

8 21 270
8 21 90

43 53 90
43 53 270
88 56 270
88 56 90

33 91 360
33 91 180
50 14 90
50 14 270
83 76 270
83 76 90

24 48 180
24 48 360
77 56 180
77 56 360
30 61 90
30 61 270

69 78 360
69 78 180
73 5 360
73 5 180

84 37 270
84 37 90

16 1 90
16 1 270

97 20 180
97 20 360

57 73 180
57 73 360
54 64 180
54 64 360
51 5 270
51 5 90
38 83 90
38 83 270

0 0 360
0 0 180
85 28 360
85 28 180
67 47 270
67 47 90
96 84 270
96 84 90

35 25 90
35 25 270

60 24 90
60 24 270
65 25 180
65 25 360

36 36 180
36 36 360

89 69 90
89 69 270
84 16 180
84 16 360
25 75 90
25 75 270
72 20 180
72 20 360

2 92 90
2 92 270
90 55 90
90 55 270
20 37 360
20 37 180

42 50 270
42 50 90
92 71 360
92 71 180

60 66 360
60 66 180
44 71 360
44 71 180
30 73 270
30 73 90
43 3 270
43 3 90

71 74 90
71 74 270
10 54 180
10 54 360
87 21 360
87 21 180
61 94 90
61 94 270

26 34 180
26 34 360
79 60 360
79 60 180
24 0 90
24 0 270

70 76 180
70 76 360
2 78 90
2 78 270
10 5 180
10 5 360
81 5 90
81 5 270

98 18 270
98 18 90

6 98 180
6 98 360
49 67 360
49 67 180
6 60 90
6 60 270
92 91 270
92 91 90

3 84 360
3 84 180

99 26 180
99 26 360
87 17 90
87 17 270
78 56 90
78 56 270

72 100 90
72 100 270
96 27 360
96 27 180

53 2 270
53 2 90
63 28 360
63 28 180

76 24 90
76 24 270
39 99 90
39 99 270

33 5 360
33 5 180
79 33 180
79 33 360

65 53 360
65 53 180
32 81 180
32 81 360

31 20 360
31 20 180
88 4 270
88 4 90

1 20 270
1 20 90

0 92 180
0 92 360
87 69 360
87 69 180

44 22 180
44 22 360
61 13 180
61 13 360
52 41 270
52 41 90

89 13 270
89 13 90
48 61 180
48 61 360

86 5 180
86 5 360
56 80 90
56 80 270

59 44 180
59 44 360
17 63 360
17 63 180

3 41 360
3 41 180

88 57 90
88 57 270
61 2 180
61 2 360

27 5 360
27 5 180
75 37 360
75 37 180
72 92 270
72 92 90
68 69 270
68 69 90

78 14 90
78 14 270
97 74 270
97 74 90

61 85 360
61 85 180
74 32 270
74 32 90
19 84 270
19 84 90
51 13 360
51 13 180

9 60 180
9 60 360
15 96 180
15 96 360
83 80 90
83 80 270

4 91 360
4 91 180

45 69 90
45 69 270

36 98 360
36 98 180

39 45 90
39 45 270
2 69 360
2 69 180
70 2 180
70 2 360

3 41 360
3 41 180
22 7 180
22 7 360
0 10 270
0 10 90

95 71 360
95 71 180
9 16 90
9 16 270
75 31 270
75 31 90

93 80 180
93 80 360
29 4 270
29 4 90
0 50 90
0 50 270
72 2 360
72 2 180

98 3 270
98 3 90
45 78 270
45 78 90
46 36 180
46 36 360
54 31 180
54 31 360

75 91 180
75 91 360
38 70 90
38 70 270

24 1 180
24 1 360

32 18 270
32 18 90
40 13 90
40 13 270
95 60 180
95 60 360

4 41 180
4 41 360
25 1 180
25 1 360
75 38 90
75 38 270
74 85 90
74 85 270

59 38 360
59 38 180
7 64 270
7 64 90
100 34 270
100 34 90

69 31 90
69 31 270

23 74 90
23 74 270
93 21 90
93 21 270

22 28 180
22 28 360
81 39 270
81 39 90

67 23 90
67 23 270

5 78 270
5 78 90
57 65 360
57 65 180
19 65 270
19 65 90
78 90 360
78 90 180

91 75 360
91 75 180
77 76 180
77 76 360

4 29 360
4 29 180
25 15 90
25 15 270

27 86 270
27 86 90
16 58 270
16 58 90
37 27 180
37 27 360

33 78 90
33 78 270
24 7 180
24 7 360
68 31 360
68 31 180

58 48 270
58 48 90
84 16 180
84 16 360
78 23 180
78 23 360
79 84 270
79 84 90

53 14 180
53 14 360
6 46 360
6 46 180
76 14 270
76 14 90

2 3 180
2 3 360
36 59 90
36 59 270
66 74 90
66 74 270
0 72 360
0 72 180

93 40 270
93 40 90
22 67 360
22 67 180
34 17 180
34 17 360
12 33 270
12 33 90

7 46 90
7 46 270
69 33 90
69 33 270
4 10 180
4 10 360

22 67 180
22 67 360
76 59 360
76 59 180
24 69 90
24 69 270

73 80 360
73 80 180

3 12 180
3 12 360
23 42 270
23 42 90
57 63 360
57 63 180
41 11 270
41 11 90

92 5 90
92 5 270
84 23 180
84 23 360
9 95 360
9 95 180

79 32 270
79 32 90
69 3 90
69 3 270
74 78 360
74 78 180

64 84 180
64 84 360
52 3 90
52 3 270
34 43 270
34 43 90

47 82 180
47 82 360
36 75 90
36 75 270

47 14 180
47 14 360
5 60 90
5 60 270
66 85 270
66 85 90

47 6 180
47 6 360
72 0 180
72 0 360
68 33 270
68 33 90

34 28 90
34 28 270

90 11 270
90 11 90
88 28 270
88 28 90

69 81 360
69 81 180

95 98 180
95 98 360
81 49 90
81 49 270

28 26 270
28 26 90

47 52 270
47 52 90
82 19 360
82 19 180

29 80 270
29 80 90
96 0 270
96 0 90
39 17 180
39 17 360
90 86 360
90 86 180

48 46 360
48 46 180
34 64 360
34 64 180

2 68 180
2 68 360
37 1 180
37 1 360
7 11 270
7 11 90
69 11 90
69 11 270

7 60 360
7 60 180

58 49 360
58 49 180
26 98 360
26 98 180
8 56 90
8 56 270

50 86 180
50 86 360
85 52 360
85 52 180

33 34 90
33 34 270
45 35 90
45 35 270
93 73 180
93 73 360
10 28 180
10 28 360

51 72 90
51 72 270
48 19 270
48 19 90

54 19 270
54 19 90

96 74 270
96 74 90
76 4 180
76 4 360

59 44 90
59 44 270
74 75 180
74 75 360
31 36 90
31 36 270
17 53 360
17 53 180

57 86 360
57 86 180
10 73 270
10 73 90

40 6 270
40 6 90
43 7 180
43 7 360
63 0 270
63 0 90

52 40 90
52 40 270
53 45 90
53 45 270
56 6 360
56 6 180
30 72 360
30 72 180

71 91 360
71 91 180
37 47 270
37 47 90
9 85 180
9 85 360

25 76 180
25 76 360
27 66 90
27 66 270
10 67 270
10 67 90

20 5 270
20 5 90
38 45 180
38 45 360
12 77 360
12 77 180

3 81 90
3 81 270

28 65 360
28 65 180

27 14 90
27 14 270

91 15 90
91 15 270
84 75 270
84 75 90
67 71 360
67 71 180

50 74 360
50 74 180
62 33 90
62 33 270
51 35 90
51 35 270

81 21 180
81 21 360
93 95 360
93 95 180

3 93 180
3 93 360
2 63 180
2 63 360
36 25 90
36 25 270

9 92 270
9 92 90

14 77 270
14 77 90
76 31 180
76 31 360
4 83 270
4 83 90

89 0 180
89 0 360
92 91 360
92 91 180
29 20 270
29 20 90

29 31 180
29 31 360
38 99 270
38 99 90
83 15 360
83 15 180

65 51 180
65 51 360
53 79 360
53 79 180

85 75 360
85 75 180
10 50 180
10 50 360
98 20 90
98 20 270
31 79 270
31 79 90

4 16 90
4 16 270

93 21 180
93 21 360
74 78 90
74 78 270
6 97 90
6 97 270

100 13 270
100 13 90
90 38 90
90 38 270

92 52 90
92 52 270
85 87 90
85 87 270

16 94 90
16 94 270
54 39 360
54 39 180

9 83 270
9 83 90

