ZAdanie 4.2
89 99 360 R
89 99 360 L
100 78 360 R
89 99 180 R
89 99 180 L
100 78 180 L
100 78 180 R
100 78 360 L
74 4 270 R
74 4 270 L
69 8 270 R
74 4 90 R
74 4 90 L
69 8 90 L
69 8 90 R
69 8 270 L
53 78 360 R
53 78 360 L
53 78 180 R
53 78 180 L
43 67 270 R
43 67 270 L
43 67 90 R
43 67 90 L
40 23 180 R
40 23 180 L
40 23 360 R
40 23 360 L
85 23 180 R
85 23 180 L
18 37 180 R
85 23 360 R
85 23 360 L
18 37 360 L
18 37 180 L
18 37 360 R
53 38 180 R
53 38 180 L
53 38 360 R
53 38 360 L
50 15 90 R
50 15 90 L
21 61 90 L
50 15 270 R
50 15 270 L
21 61 270 R
21 61 270 L
21 61 90 R
93 59 180 R
93 59 180 L
96 31 180 L
93 59 360 R
93 59 360 L
96 31 360 R
96 31 360 L
96 31 180 R
62 42 270 R
62 42 270 L
62 42 90 R
62 42 90 L
35 53 180 R
35 53 180 L
35 53 360 R
35 53 360 L
89 58 360 R
89 58 360 L
89 58 180 R
89 58 180 L
18 98 270 R
18 98 270 L
18 98 90 R
18 98 90 L
15 45 90 R
15 45 90 L
20 93 90 L
15 45 270 R
15 45 270 L
20 93 270 R
99 18 180 R
99 18 180 L
47 41 180 R
99 18 360 R
99 18 360 L
47 41 360 L
47 41 360 R
47 41 180 L
20 93 90 R
20 93 270 L
100 66 90 R
100 66 90 L
85 27 90 R
100 66 270 R
100 66 270 L
85 27 270 L
85 27 90 L
85 27 270 R
13 54 360 R
13 54 360 L
13 54 180 R
13 54 180 L
81 68 270 R
81 68 270 L
81 68 90 R
81 68 90 L
56 36 360 R
56 36 360 L
83 11 360 R
56 36 180 R
56 36 180 L
83 11 180 L
83 11 180 R
83 11 360 L
74 52 270 R
74 52 270 L
47 84 270 R
74 52 90 R
74 52 90 L
47 84 90 L
47 84 270 L
47 84 90 R
100 96 90 R
100 96 90 L
35 69 90 R
100 96 270 R
100 96 270 L
35 69 270 L
72 87 180 R
72 87 180 L
74 39 180 L
72 87 360 R
72 87 360 L
74 39 360 R
35 69 270 R
35 69 90 L
74 39 180 R
74 39 360 L
83 86 180 R
83 86 180 L
83 86 360 R
83 86 360 L
26 30 270 R
26 30 270 L
26 30 90 R
26 30 90 L
32 14 360 R
32 14 360 L
32 14 180 R
32 14 180 L
7 51 360 R
7 51 360 L
11 22 360 R
7 51 180 R
7 51 180 L
11 22 180 L
11 22 360 L
11 22 180 R
88 15 270 R
88 15 270 L
88 15 90 R
88 15 90 L
1 62 270 R
1 62 270 L
19 84 270 R
1 62 90 R
1 62 90 L
19 84 90 L
19 84 270 L
19 84 90 R
25 4 360 R
25 4 360 L
43 15 360 R
25 4 180 R
25 4 180 L
43 15 180 L
43 15 360 L
43 15 180 R
73 45 270 R
73 45 270 L
16 66 270 R
73 45 90 R
73 45 90 L
16 66 90 L
16 66 270 L
16 66 90 R
77 13 270 R
77 13 270 L
55 10 270 L
77 13 90 R
77 13 90 L
55 10 90 R
83 4 180 R
83 4 180 L
94 18 180 L
83 4 360 R
83 4 360 L
94 18 360 R
94 18 180 R
94 18 360 L
55 10 90 L
55 10 270 R
96 80 90 R
96 80 90 L
53 62 90 R
96 80 270 R
96 80 270 L
53 62 270 L
53 62 270 R
53 62 90 L
72 97 360 R
72 97 360 L
39 84 360 L
72 97 180 R
72 97 180 L
39 84 180 R
39 84 360 R
39 84 180 L
38 98 180 R
38 98 180 L
0 64 180 R
38 98 360 R
38 98 360 L
0 64 360 L
0 64 360 R
0 64 180 L
38 17 270 R
38 17 270 L
38 17 90 R
38 17 90 L
30 64 270 R
30 64 270 L
30 64 90 R
30 64 90 L
69 66 360 R
69 66 360 L
69 66 180 R
69 66 180 L
77 3 270 R
77 3 270 L
73 28 270 R
77 3 90 R
77 3 90 L
73 28 90 L
75 26 360 R
75 26 360 L
61 66 360 L
75 26 180 R
75 26 180 L
61 66 180 R
61 66 180 L
61 66 360 R
73 28 270 L
73 28 90 R
40 16 180 R
40 16 180 L
14 6 180 R
40 16 360 R
40 16 360 L
14 6 360 L
14 6 180 L
14 6 360 R
82 91 270 R
82 91 270 L
86 83 270 L
82 91 90 R
82 91 90 L
86 83 90 R
86 83 270 R
86 83 90 L
52 44 180 R
52 44 180 L
52 44 360 R
52 44 360 L
19 41 360 R
19 41 360 L
51 96 360 R
19 41 180 R
19 41 180 L
51 96 180 L
88 80 90 R
88 80 90 L
88 80 270 R
88 80 270 L
51 96 180 R
51 96 360 L
95 99 90 R
95 99 90 L
95 99 270 R
95 99 270 L
51 79 180 R
51 79 180 L
51 79 360 R
51 79 360 L
99 64 90 R
99 64 90 L
52 38 90 R
99 64 270 R
99 64 270 L
52 38 270 L
20 67 180 R
20 67 180 L
1 62 180 R
20 67 360 R
20 67 360 L
1 62 360 L
1 62 180 L
1 62 360 R
52 38 270 R
52 38 90 L
35 81 180 R
35 81 180 L
90 14 180 L
35 81 360 R
35 81 360 L
90 14 360 R
90 14 180 R
90 14 360 L
91 57 90 R
91 57 90 L
29 26 90 R
91 57 270 R
91 57 270 L
29 26 270 L
29 26 90 L
29 26 270 R
4 43 270 R
4 43 270 L
4 43 90 R
4 43 90 L
63 82 180 R
63 82 180 L
63 82 360 R
63 82 360 L
61 85 90 R
61 85 90 L
94 17 90 R
61 85 270 R
61 85 270 L
94 17 270 L
94 17 270 R
94 17 90 L
46 36 360 R
46 36 360 L
46 36 180 R
46 36 180 L
34 30 90 R
34 30 90 L
34 30 270 R
34 30 270 L
70 75 360 R
70 75 360 L
70 75 180 R
70 75 180 L
14 79 90 R
14 79 90 L
32 99 90 L
14 79 270 R
14 79 270 L
32 99 270 R
83 9 180 R
83 9 180 L
83 9 360 R
83 9 360 L
32 99 270 L
32 99 90 R
2 58 90 R
2 58 90 L
23 88 90 L
2 58 270 R
2 58 270 L
23 88 270 R
23 88 270 L
23 88 90 R
94 60 180 R
94 60 180 L
94 60 360 R
94 60 360 L
14 46 360 R
14 46 360 L
17 97 360 R
14 46 180 R
14 46 180 L
17 97 180 L
17 97 180 R
17 97 360 L
68 14 90 R
68 14 90 L
68 14 270 R
68 14 270 L
76 2 270 R
76 2 270 L
64 72 270 R
76 2 90 R
76 2 90 L
64 72 90 L
64 72 90 R
64 72 270 L
14 51 90 R
14 51 90 L
60 20 90 R
14 51 270 R
14 51 270 L
60 20 270 L
71 21 360 R
71 21 360 L
25 19 360 L
71 21 180 R
71 21 180 L
25 19 180 R
60 20 270 R
60 20 90 L
25 19 180 L
25 19 360 R
78 21 270 R
78 21 270 L
57 1 270 L
78 21 90 R
78 21 90 L
57 1 90 R
32 16 360 R
32 16 360 L
79 3 360 R
32 16 180 R
32 16 180 L
79 3 180 L
79 3 180 R
79 3 360 L
57 1 90 L
57 1 270 R
80 57 90 R
80 57 90 L
80 57 270 R
80 57 270 L
29 6 180 R
29 6 180 L
86 74 180 L
29 6 360 R
29 6 360 L
86 74 360 R
86 74 180 R
86 74 360 L
45 20 270 R
45 20 270 L
30 86 270 R
45 20 90 R
45 20 90 L
30 86 90 L
30 86 90 R
30 86 270 L
16 91 270 R
16 91 270 L
11 95 270 R
16 91 90 R
16 91 90 L
11 95 90 L
81 1 180 R
81 1 180 L
81 1 360 R
81 1 360 L
11 95 270 L
11 95 90 R
92 54 180 R
92 54 180 L
92 54 360 R
92 54 360 L
32 60 360 R
32 60 360 L
41 86 360 R
32 60 180 R
32 60 180 L
41 86 180 L
41 86 360 L
41 86 180 R
22 50 90 R
22 50 90 L
22 50 270 R
22 50 270 L
24 43 180 R
24 43 180 L
24 43 360 R
24 43 360 L
27 4 180 R
27 4 180 L
27 4 360 R
27 4 360 L
45 65 270 R
45 65 270 L
13 87 270 R
45 65 90 R
45 65 90 L
13 87 90 L
16 28 360 R
16 28 360 L
73 84 360 R
16 28 180 R
16 28 180 L
73 84 180 L
13 87 270 L
13 87 90 R
73 84 180 R
73 84 360 L
75 45 270 R
75 45 270 L
88 83 270 R
75 45 90 R
75 45 90 L
88 83 90 L
88 83 90 R
88 83 270 L
41 85 180 R
41 85 180 L
41 85 360 R
41 85 360 L
59 45 180 R
59 45 180 L
86 46 180 L
59 45 360 R
59 45 360 L
86 46 360 R
86 46 180 R
86 46 360 L
79 69 270 R
79 69 270 L
79 69 90 R
79 69 90 L
25 100 360 R
25 100 360 L
25 100 180 R
25 100 180 L
30 28 270 R
30 28 270 L
30 28 90 R
30 28 90 L
30 82 270 R
30 82 270 L
100 69 270 L
30 82 90 R
30 82 90 L
100 69 90 R
100 69 270 R
100 69 90 L
41 82 360 R
41 82 360 L
41 82 180 R
41 82 180 L
85 1 90 R
85 1 90 L
85 1 270 R
85 1 270 L
71 24 360 R
71 24 360 L
71 24 180 R
71 24 180 L
65 80 90 R
65 80 90 L
65 80 270 R
65 80 270 L
79 1 180 R
79 1 180 L
79 1 360 R
79 1 360 L
5 63 270 R
5 63 270 L
11 66 270 R
5 63 90 R
5 63 90 L
11 66 90 L
7 49 180 R
7 49 180 L
7 49 360 R
7 49 360 L
11 66 90 R
11 66 270 L
86 66 90 R
86 66 90 L
83 73 90 L
86 66 270 R
86 66 270 L
83 73 270 R
68 62 360 R
68 62 360 L
57 19 360 L
68 62 180 R
68 62 180 L
57 19 180 R
83 73 90 R
83 73 270 L
57 19 180 L
57 19 360 R
40 33 360 R
40 33 360 L
40 33 180 R
40 33 180 L
57 66 90 R
57 66 90 L
57 66 270 R
57 66 270 L
35 86 90 R
35 86 90 L
72 28 90 R
35 86 270 R
35 86 270 L
72 28 270 L
72 28 90 L
72 28 270 R
61 64 360 R
61 64 360 L
61 64 180 R
61 64 180 L
64 100 270 R
64 100 270 L
63 52 270 L
64 100 90 R
64 100 90 L
63 52 90 R
63 52 90 L
63 52 270 R
16 22 360 R
16 22 360 L
91 54 360 R
16 22 180 R
16 22 180 L
91 54 180 L
91 54 360 L
91 54 180 R
79 27 90 R
79 27 90 L
50 91 90 L
79 27 270 R
79 27 270 L
50 91 270 R
42 26 360 R
42 26 360 L
98 46 360 R
42 26 180 R
42 26 180 L
98 46 180 L
50 91 270 L
50 91 90 R
98 46 180 R
98 46 360 L
97 93 360 R
97 93 360 L
97 93 180 R
97 93 180 L
29 71 90 R
29 71 90 L
16 38 90 R
29 71 270 R
29 71 270 L
16 38 270 L
16 38 270 R
16 38 90 L
68 85 180 R
68 85 180 L
68 85 360 R
68 85 360 L
17 44 90 R
17 44 90 L
17 44 270 R
17 44 270 L
38 95 90 R
38 95 90 L
63 16 90 R
38 95 270 R
38 95 270 L
63 16 270 L
63 16 90 L
63 16 270 R
73 11 180 R
73 11 180 L
73 11 360 R
73 11 360 L
73 39 90 R
73 39 90 L
13 39 90 L
73 39 270 R
73 39 270 L
13 39 270 L
13 39 90 R
13 39 270 R
31 29 90 R
31 29 90 L
87 69 90 L
31 29 270 R
31 29 270 L
87 69 270 R
87 69 270 L
87 69 90 R
96 45 90 R
96 45 90 L
96 45 270 R
96 45 270 L
50 64 90 R
50 64 90 L
69 21 90 R
50 64 270 R
50 64 270 L
69 21 270 L
83 100 360 R
83 100 360 L
18 11 360 L
83 100 180 R
83 100 180 L
18 11 180 R
69 21 90 L
69 21 270 R
18 11 180 L
18 11 360 R
70 36 180 R
70 36 180 L
70 36 360 R
70 36 360 L
58 77 90 R
58 77 90 L
15 57 90 R
58 77 270 R
58 77 270 L
15 57 270 L
15 57 90 L
15 57 270 R
87 31 180 R
87 31 180 L
20 23 180 R
87 31 360 R
87 31 360 L
20 23 360 L
27 49 90 R
27 49 90 L
12 97 90 L
27 49 270 R
27 49 270 L
12 97 270 R
20 23 180 L
20 23 360 R
12 97 90 R
12 97 270 L
19 81 90 R
19 81 90 L
91 3 90 R
19 81 270 R
19 81 270 L
91 3 270 L
37 35 360 R
37 35 360 L
37 35 180 R
37 35 180 L
91 3 270 R
91 3 90 L
0 20 180 R
0 20 180 L
97 24 180 L
0 20 360 R
0 20 360 L
97 24 360 R
66 84 90 R
66 84 90 L
74 80 90 R
66 84 270 R
66 84 270 L
74 80 270 L
97 24 360 L
97 24 180 R
74 80 90 L
74 80 270 R
92 68 90 R
92 68 90 L
16 93 90 L
92 68 270 R
92 68 270 L
16 93 270 R
58 22 360 R
58 22 360 L
58 22 180 R
58 22 180 L
16 93 270 L
16 93 90 R
41 73 180 R
41 73 180 L
41 73 360 R
41 73 360 L
43 98 270 R
43 98 270 L
43 98 90 R
43 98 90 L
98 56 90 R
98 56 90 L
94 76 90 L
98 56 270 R
98 56 270 L
94 76 270 R
42 44 360 R
42 44 360 L
84 39 360 R
42 44 180 R
42 44 180 L
84 39 180 L
84 39 360 L
84 39 180 R
94 76 270 L
94 76 90 R
47 6 180 R
47 6 180 L
91 59 180 L
47 6 360 R
47 6 360 L
91 59 360 R
13 33 270 R
13 33 270 L
52 48 270 R
13 33 90 R
13 33 90 L
52 48 90 L
52 48 270 L
52 48 90 R
91 59 180 R
91 59 360 L
82 17 270 R
82 17 270 L
58 92 270 R
82 17 90 R
82 17 90 L
58 92 90 L
5 94 360 R
5 94 360 L
5 94 180 R
5 94 180 L
58 92 270 L
58 92 90 R
11 88 360 R
11 88 360 L
11 88 180 R
11 88 180 L
39 25 360 R
39 25 360 L
52 43 360 R
39 25 180 R
39 25 180 L
52 43 180 L
4 63 90 R
4 63 90 L
52 30 90 R
4 63 270 R
4 63 270 L
52 30 270 L
52 30 270 R
52 30 90 L
52 43 180 R
52 43 360 L
76 65 90 R
76 65 90 L
65 29 90 R
76 65 270 R
76 65 270 L
65 29 270 L
60 88 360 R
60 88 360 L
10 1 360 L
60 88 180 R
60 88 180 L
10 1 180 R
65 29 270 R
65 29 90 L
10 1 360 R
10 1 180 L
11 34 180 R
11 34 180 L
11 34 360 R
11 34 360 L
39 5 270 R
39 5 270 L
39 5 90 R
39 5 90 L
73 74 270 R
73 74 270 L
86 14 270 L
73 74 90 R
73 74 90 L
86 14 90 R
86 14 270 R
86 14 90 L
6 21 180 R
6 21 180 L
6 21 360 R
6 21 360 L
88 64 90 R
88 64 90 L
18 33 90 R
88 64 270 R
88 64 270 L
18 33 270 L
18 33 270 R
18 33 90 L
84 43 360 R
84 43 360 L
84 43 180 R
84 43 180 L
65 52 90 R
65 52 90 L
65 52 270 R
65 52 270 L
12 24 180 R
12 24 180 L
12 24 360 R
12 24 360 L
63 34 270 R
63 34 270 L
98 30 270 L
63 34 90 R
63 34 90 L
98 30 90 R
98 30 270 R
98 30 90 L
47 95 180 R
47 95 180 L
22 49 180 R
47 95 360 R
47 95 360 L
22 49 360 L
22 49 360 R
22 49 180 L
94 97 90 R
94 97 90 L
94 97 270 R
94 97 270 L
0 60 180 R
0 60 180 L
35 22 180 L
0 60 360 R
0 60 360 L
35 22 360 R
29 39 270 R
29 39 270 L
100 29 270 L
29 39 90 R
29 39 90 L
100 29 90 R
100 29 270 R
100 29 90 L
35 22 180 R
35 22 360 L
79 20 180 R
79 20 180 L
29 4 180 R
79 20 360 R
79 20 360 L
29 4 360 L
29 4 360 R
29 4 180 L
83 9 270 R
83 9 270 L
83 9 90 R
83 9 90 L
85 15 360 R
85 15 360 L
56 50 360 L
85 15 180 R
85 15 180 L
56 50 180 R
56 50 180 L
56 50 360 R
79 30 270 R
79 30 270 L
76 31 270 R
79 30 90 R
79 30 90 L
76 31 90 L
4 82 180 R
4 82 360 L
76 31 90 R
76 31 270 L
4 82 180 L
4 82 360 R
40 6 180 R
40 6 180 L
40 6 360 R
40 6 360 L
32 8 90 R
32 8 90 L
32 8 270 R
32 8 270 L
27 9 360 R
27 9 360 L
27 9 180 R
27 9 180 L
48 27 90 R
48 27 90 L
94 60 90 L
48 27 270 R
48 27 270 L
94 60 270 R
94 60 270 L
94 60 90 R
69 47 180 R
69 47 180 L
69 47 360 R
69 47 360 L
38 12 270 R
38 12 270 L
38 12 90 R
38 12 90 L
61 95 360 R
61 95 360 L
46 33 360 L
61 95 180 R
61 95 180 L
46 33 180 R
46 33 360 R
46 33 180 L
10 7 270 R
10 7 270 L
41 70 270 R
10 7 90 R
10 7 90 L
41 70 90 L
56 77 180 R
56 77 180 L
56 77 360 R
56 77 360 L
41 70 90 R
41 70 270 L
37 88 270 R
37 88 270 L
99 10 270 L
37 88 90 R
37 88 90 L
99 10 90 R
28 25 360 R
28 25 360 L
65 46 360 R
28 25 180 R
28 25 180 L
65 46 180 L
65 46 360 L
65 46 180 R
99 10 90 L
99 10 270 R
19 28 270 R
19 28 270 L
19 28 90 R
19 28 90 L
28 55 180 R
28 55 180 L
28 55 360 R
28 55 360 L
76 79 270 R
76 79 270 L
45 38 270 L
76 79 90 R
76 79 90 L
45 38 90 R
45 38 270 R
45 38 90 L
33 40 360 R
33 40 360 L
65 26 360 R
33 40 180 R
33 40 180 L
65 26 180 L
65 26 360 L
65 26 180 R
53 94 270 R
53 94 270 L
78 55 270 L
53 94 90 R
53 94 90 L
78 55 90 R
22 23 180 R
22 23 180 L
21 59 180 R
22 23 360 R
22 23 360 L
21 59 360 L
21 59 360 R
21 59 180 L
78 55 270 R
78 55 90 L
28 16 270 R
28 16 270 L
97 54 270 R
28 16 90 R
28 16 90 L
97 54 90 L
57 59 180 R
57 59 180 L
8 21 180 R
57 59 360 R
57 59 360 L
8 21 360 L
8 21 360 R
8 21 180 L
97 54 270 L
97 54 90 R
70 90 180 R
70 90 180 L
70 90 360 R
70 90 360 L
68 53 270 R
68 53 270 L
99 25 270 L
68 53 90 R
68 53 90 L
99 25 90 R
99 25 90 L
99 25 270 R
5 10 90 R
5 10 90 L
64 87 90 L
5 10 270 R
5 10 270 L
64 87 270 R
64 87 90 R
64 87 270 L
100 50 360 R
100 50 360 L
84 3 360 L
100 50 180 R
100 50 180 L
84 3 180 R
84 3 360 R
84 3 180 L
90 65 90 R
90 65 90 L
6 73 90 L
90 65 270 R
90 65 270 L
6 73 270 R
6 73 90 R
6 73 270 L
17 73 180 R
17 73 180 L
17 73 360 R
17 73 360 L
83 12 90 R
83 12 90 L
83 12 270 R
83 12 270 L
76 99 360 R
76 99 360 L
76 99 180 R
76 99 180 L
55 93 360 R
55 93 360 L
55 93 180 R
55 93 180 L
41 36 360 R
41 36 360 L
25 65 360 L
41 36 180 R
41 36 180 L
25 65 180 R
77 76 90 R
77 76 90 L
77 76 270 R
77 76 270 L
25 65 180 L
25 65 360 R
5 4 90 R
5 4 90 L
5 4 270 R
5 4 270 L
97 17 180 R
97 17 180 L
97 17 360 R
97 17 360 L
0 43 180 R
0 43 180 L
0 43 360 R
0 43 360 L
51 76 90 R
51 76 90 L
51 76 270 R
51 76 270 L
1 23 360 R
1 23 360 L
53 32 360 R
1 23 180 R
1 23 180 L
53 32 180 L
53 32 360 L
53 32 180 R
97 30 270 R
97 30 270 L
97 30 90 R
97 30 90 L
6 93 180 R
6 93 180 L
6 93 360 R
6 93 360 L
44 61 360 R
44 61 360 L
44 61 180 R
44 61 180 L
42 2 90 R
42 2 90 L
42 2 270 R
42 2 270 L
41 7 90 R
41 7 90 L
32 78 90 L
41 7 270 R
41 7 270 L
32 78 270 R
32 78 90 R
32 78 270 L
75 77 180 R
75 77 180 L
75 77 360 R
75 77 360 L
26 5 360 R
26 5 360 L
86 17 360 R
26 5 180 R
26 5 180 L
86 17 180 L
11 4 270 R
11 4 270 L
11 4 90 R
11 4 90 L
86 17 360 L
86 17 180 R
25 98 180 R
25 98 180 L
10 67 180 R
25 98 360 R
25 98 360 L
10 67 360 L
10 67 180 L
10 67 360 R
66 54 270 R
66 54 270 L
43 43 270 L
66 54 90 R
66 54 90 L
43 43 90 R
43 43 90 L
43 43 270 R
43 1 90 R
43 1 90 L
43 1 270 R
43 1 270 L
72 75 180 R
72 75 180 L
84 100 180 L
72 75 360 R
72 75 360 L
84 100 360 R
63 1 270 R
63 1 270 L
79 52 270 R
63 1 90 R
63 1 90 L
79 52 90 L
84 100 360 L
84 100 180 R
79 52 90 R
79 52 270 L
51 49 180 R
51 49 180 L
51 49 360 R
51 49 360 L
49 45 90 R
49 45 90 L
49 45 270 R
49 45 270 L
82 75 90 R
82 75 90 L
82 75 270 R
82 75 270 L
3 89 360 R
3 89 360 L
3 89 180 R
3 89 180 L
38 35 90 R
38 35 90 L
38 35 270 R
38 35 270 L
25 83 180 R
25 83 180 L
83 44 180 L
25 83 360 R
25 83 360 L
83 44 360 R
83 44 180 R
83 44 360 L
8 21 270 R
8 21 270 L
8 21 90 R
8 21 90 L
43 53 90 R
43 53 90 L
88 56 90 L
43 53 270 R
43 53 270 L
88 56 270 R
88 56 270 L
88 56 90 R
33 91 360 R
33 91 360 L
33 91 180 R
33 91 180 L
50 14 90 R
50 14 90 L
83 76 90 L
50 14 270 R
50 14 270 L
83 76 270 R
83 76 270 L
83 76 90 R
24 48 180 R
24 48 180 L
77 56 180 L
24 48 360 R
24 48 360 L
77 56 360 R
77 56 180 R
77 56 360 L
30 61 90 R
30 61 90 L
30 61 270 R
30 61 270 L
69 78 360 R
69 78 360 L
73 5 360 R
69 78 180 R
69 78 180 L
73 5 180 L
73 5 360 L
73 5 180 R
84 37 270 R
84 37 270 L
84 37 90 R
84 37 90 L
16 1 90 R
16 1 90 L
16 1 270 R
16 1 270 L
97 20 180 R
97 20 180 L
97 20 360 R
97 20 360 L
57 73 180 R
57 73 180 L
54 64 180 R
57 73 360 R
57 73 360 L
54 64 360 L
54 64 180 L
54 64 360 R
51 5 270 R
51 5 270 L
38 83 270 R
51 5 90 R
51 5 90 L
38 83 90 L
38 83 90 R
38 83 270 L
0 0 360 R
0 0 360 L
85 28 360 R
0 0 180 R
0 0 180 L
85 28 180 L
85 28 360 L
85 28 180 R
67 47 270 R
67 47 270 L
96 84 270 R
67 47 90 R
67 47 90 L
96 84 90 L
96 84 270 L
96 84 90 R
35 25 90 R
35 25 90 L
35 25 270 R
35 25 270 L
60 24 90 R
60 24 90 L
60 24 270 R
60 24 270 L
65 25 180 R
65 25 180 L
65 25 360 R
65 25 360 L
36 36 180 R
36 36 180 L
36 36 360 R
36 36 360 L
89 69 90 R
89 69 90 L
25 75 90 L
89 69 270 R
89 69 270 L
25 75 270 R
84 16 180 R
84 16 180 L
72 20 180 R
84 16 360 R
84 16 360 L
72 20 360 L
25 75 90 R
25 75 270 L
72 20 180 L
72 20 360 R
2 92 90 R
2 92 90 L
90 55 90 R
2 92 270 R
2 92 270 L
90 55 270 L
90 55 90 L
90 55 270 R
20 37 360 R
20 37 360 L
20 37 180 R
20 37 180 L
42 50 270 R
42 50 270 L
42 50 90 R
42 50 90 L
92 71 360 R
92 71 360 L
92 71 180 R
92 71 180 L
60 66 360 R
60 66 360 L
44 71 360 L
60 66 180 R
60 66 180 L
44 71 180 R
44 71 360 R
44 71 180 L
30 73 270 R
30 73 270 L
43 3 270 L
30 73 90 R
30 73 90 L
43 3 90 R
43 3 270 R
43 3 90 L
71 74 90 R
71 74 90 L
61 94 90 L
71 74 270 R
71 74 270 L
61 94 270 R
10 54 180 R
10 54 180 L
87 21 180 L
10 54 360 R
10 54 360 L
87 21 360 R
87 21 360 L
87 21 180 R
61 94 90 R
61 94 270 L
26 34 180 R
26 34 180 L
79 60 180 L
26 34 360 R
26 34 360 L
79 60 360 R
79 60 360 L
79 60 180 R
24 0 90 R
24 0 90 L
24 0 270 R
24 0 270 L
70 76 180 R
70 76 180 L
10 5 180 R
70 76 360 R
70 76 360 L
10 5 360 L
2 78 90 R
2 78 90 L
81 5 90 R
2 78 270 R
2 78 270 L
81 5 270 L
10 5 180 L
10 5 360 R
81 5 90 L
81 5 270 R
98 18 270 R
98 18 270 L
98 18 90 R
98 18 90 L
6 98 180 R
6 98 180 L
49 67 180 L
6 98 360 R
6 98 360 L
49 67 360 R
49 67 360 L
49 67 180 R
6 60 90 R
6 60 90 L
92 91 90 L
6 60 270 R
6 60 270 L
92 91 270 R
92 91 270 L
92 91 90 R
3 84 360 R
3 84 360 L
3 84 180 R
3 84 180 L
99 26 180 R
99 26 180 L
99 26 360 R
99 26 360 L
87 17 90 R
87 17 90 L
78 56 90 L
87 17 270 R
87 17 270 L
78 56 270 R
78 56 90 R
78 56 270 L
72 100 90 R
72 100 90 L
72 100 270 R
72 100 270 L
96 27 360 R
96 27 360 L
96 27 180 R
96 27 180 L
53 2 270 R
53 2 270 L
53 2 90 R
53 2 90 L
63 28 360 R
63 28 360 L
63 28 180 R
63 28 180 L
76 24 90 R
76 24 90 L
39 99 90 L
76 24 270 R
76 24 270 L
39 99 270 R
39 99 90 R
39 99 270 L
33 5 360 R
33 5 360 L
79 33 360 R
33 5 180 R
33 5 180 L
79 33 180 L
79 33 180 R
79 33 360 L
65 53 360 R
65 53 360 L
32 81 360 L
65 53 180 R
65 53 180 L
32 81 180 R
32 81 180 L
32 81 360 R
31 20 360 R
31 20 360 L
31 20 180 R
31 20 180 L
88 4 270 R
88 4 270 L
88 4 90 R
88 4 90 L
1 20 270 R
1 20 270 L
1 20 90 R
1 20 90 L
0 92 180 R
0 92 180 L
87 69 180 L
0 92 360 R
0 92 360 L
87 69 360 R
87 69 360 L
87 69 180 R
44 22 180 R
44 22 180 L
61 13 180 L
44 22 360 R
44 22 360 L
61 13 360 R
61 13 180 R
61 13 360 L
52 41 270 R
52 41 270 L
52 41 90 R
52 41 90 L
89 13 270 R
89 13 270 L
89 13 90 R
89 13 90 L
48 61 180 R
48 61 180 L
48 61 360 R
48 61 360 L
86 5 180 R
86 5 180 L
86 5 360 R
86 5 360 L
56 80 90 R
56 80 90 L
56 80 270 R
56 80 270 L
59 44 180 R
59 44 180 L
17 63 180 R
59 44 360 R
59 44 360 L
17 63 360 L
17 63 360 R
17 63 180 L
3 41 360 R
3 41 360 L
3 41 180 R
3 41 180 L
88 57 90 R
88 57 90 L
88 57 270 R
88 57 270 L
61 2 180 R
61 2 180 L
61 2 360 R
61 2 360 L
27 5 360 R
27 5 360 L
75 37 360 R
27 5 180 R
27 5 180 L
75 37 180 L
75 37 360 L
75 37 180 R
72 92 270 R
72 92 270 L
68 69 270 L
72 92 90 R
72 92 90 L
68 69 90 R
68 69 270 R
68 69 90 L
78 14 90 R
78 14 90 L
97 74 90 L
78 14 270 R
78 14 270 L
97 74 270 R
97 74 270 L
97 74 90 R
61 85 360 R
61 85 360 L
51 13 360 L
61 85 180 R
61 85 180 L
51 13 180 R
74 32 270 R
74 32 270 L
74 32 90 R
74 32 90 L
51 13 360 R
51 13 180 L
9 60 180 R
9 60 180 L
15 96 180 L
9 60 360 R
9 60 360 L
15 96 360 R
15 96 180 R
15 96 360 L
83 80 90 R
83 80 90 L
83 80 270 R
83 80 270 L
4 91 360 R
4 91 360 L
4 91 180 R
4 91 180 L
45 69 90 R
45 69 90 L
45 69 270 R
45 69 270 L
36 98 360 R
36 98 360 L
36 98 180 R
36 98 180 L
39 45 90 R
39 45 90 L
39 45 270 R
39 45 270 L
2 69 360 R
2 69 360 L
70 2 360 R
2 69 180 R
2 69 180 L
70 2 180 L
70 2 180 R
70 2 360 L
22 7 360 R
22 7 180 L
22 7 180 R
22 7 360 L
0 10 270 R
0 10 270 L
0 10 90 R
0 10 90 L
95 71 360 R
95 71 360 L
95 71 180 R
95 71 180 L
9 16 90 R
9 16 90 L
75 31 90 L
9 16 270 R
9 16 270 L
75 31 270 R
75 31 270 L
75 31 90 R
93 80 180 R
93 80 180 L
72 2 180 R
93 80 360 R
93 80 360 L
72 2 360 L
29 4 270 R
29 4 270 L
0 50 270 R
29 4 90 R
29 4 90 L
0 50 90 L
0 50 90 R
0 50 270 L
72 2 360 R
72 2 180 L
98 3 270 R
98 3 270 L
45 78 270 R
98 3 90 R
98 3 90 L
45 78 90 L
45 78 270 L
45 78 90 R
54 31 180 L
54 31 360 R
54 31 180 R
54 31 360 L
75 91 180 R
75 91 180 L
75 91 360 R
75 91 360 L
38 70 90 R
38 70 90 L
38 70 270 R
38 70 270 L
24 1 180 R
24 1 180 L
24 1 360 R
24 1 360 L
32 18 270 R
32 18 270 L
40 13 270 L
32 18 90 R
32 18 90 L
40 13 90 R
40 13 90 L
40 13 270 R
95 60 180 R
95 60 180 L
95 60 360 R
95 60 360 L
4 41 180 R
4 41 180 L
25 1 180 L
4 41 360 R
4 41 360 L
25 1 360 R
25 1 180 R
25 1 360 L
75 38 90 R
75 38 90 L
74 85 90 L
75 38 270 R
75 38 270 L
74 85 270 R
74 85 90 R
74 85 270 L
59 38 360 R
59 38 360 L
59 38 180 R
59 38 180 L
7 64 270 R
7 64 270 L
100 34 270 L
7 64 90 R
7 64 90 L
100 34 90 R
100 34 270 R
100 34 90 L
69 31 90 R
69 31 90 L
69 31 270 R
69 31 270 L
23 74 90 R
23 74 90 L
93 21 90 R
23 74 270 R
23 74 270 L
93 21 270 L
93 21 90 L
93 21 270 R
22 28 180 R
22 28 180 L
22 28 360 R
22 28 360 L
81 39 270 R
81 39 270 L
81 39 90 R
81 39 90 L
67 23 90 R
67 23 90 L
67 23 270 R
67 23 270 L
5 78 270 R
5 78 270 L
19 65 270 L
5 78 90 R
5 78 90 L
19 65 90 R
57 65 360 R
57 65 360 L
78 90 360 R
57 65 180 R
57 65 180 L
78 90 180 L
19 65 270 R
19 65 90 L
78 90 360 L
78 90 180 R
91 75 360 R
91 75 360 L
77 76 360 L
91 75 180 R
91 75 180 L
77 76 180 R
77 76 180 L
77 76 360 R
4 29 360 R
4 29 360 L
4 29 180 R
4 29 180 L
25 15 90 R
25 15 90 L
25 15 270 R
25 15 270 L
27 86 270 R
27 86 270 L
16 58 270 L
27 86 90 R
27 86 90 L
16 58 90 R
16 58 270 R
16 58 90 L
37 27 180 R
37 27 180 L
37 27 360 R
37 27 360 L
33 78 90 R
33 78 90 L
33 78 270 R
33 78 270 L
24 7 180 R
24 7 180 L
68 31 180 L
24 7 360 R
24 7 360 L
68 31 360 R
68 31 360 L
68 31 180 R
58 48 270 R
58 48 270 L
79 84 270 R
58 48 90 R
58 48 90 L
79 84 90 L
78 23 180 R
78 23 360 L
78 23 180 L
78 23 360 R
79 84 270 L
79 84 90 R
53 14 180 R
53 14 180 L
6 46 180 R
53 14 360 R
53 14 360 L
6 46 360 L
6 46 360 R
6 46 180 L
76 14 270 R
76 14 270 L
76 14 90 R
76 14 90 L
2 3 180 R
2 3 180 L
0 72 180 R
2 3 360 R
2 3 360 L
0 72 360 L
36 59 90 R
36 59 90 L
66 74 90 L
36 59 270 R
36 59 270 L
66 74 270 R
66 74 90 R
66 74 270 L
0 72 360 R
0 72 180 L
93 40 270 R
93 40 270 L
12 33 270 L
93 40 90 R
93 40 90 L
12 33 90 R
22 67 360 R
22 67 360 L
34 17 360 R
22 67 180 R
22 67 180 L
34 17 180 L
34 17 180 R
34 17 360 L
12 33 270 R
12 33 90 L
7 46 90 R
7 46 90 L
69 33 90 R
7 46 270 R
7 46 270 L
69 33 270 L
69 33 90 L
69 33 270 R
4 10 180 R
4 10 180 L
4 10 360 R
4 10 360 L
76 59 180 L
76 59 360 R
76 59 360 L
76 59 180 R
24 69 90 R
24 69 90 L
24 69 270 R
24 69 270 L
73 80 360 R
73 80 360 L
73 80 180 R
73 80 180 L
3 12 180 R
3 12 180 L
57 63 180 L
3 12 360 R
3 12 360 L
57 63 360 R
23 42 270 R
23 42 270 L
41 11 270 L
23 42 90 R
23 42 90 L
41 11 90 R
57 63 360 L
57 63 180 R
41 11 270 R
41 11 90 L
92 5 90 R
92 5 90 L
92 5 270 R
92 5 270 L
84 23 180 R
84 23 180 L
9 95 180 R
84 23 360 R
84 23 360 L
9 95 360 L
9 95 360 R
9 95 180 L
79 32 270 R
79 32 270 L
69 3 270 L
79 32 90 R
79 32 90 L
69 3 90 R
69 3 90 L
69 3 270 R
74 78 360 R
74 78 360 L
74 78 180 R
74 78 180 L
64 84 180 R
64 84 180 L
64 84 360 R
64 84 360 L
52 3 90 R
52 3 90 L
34 43 90 L
52 3 270 R
52 3 270 L
34 43 270 R
34 43 270 L
34 43 90 R
47 82 180 R
47 82 180 L
47 82 360 R
47 82 360 L
36 75 90 R
36 75 90 L
36 75 270 R
36 75 270 L
47 14 180 R
47 14 180 L
47 14 360 R
47 14 360 L
5 60 90 R
5 60 90 L
66 85 90 L
5 60 270 R
5 60 270 L
66 85 270 R
66 85 270 L
66 85 90 R
72 0 180 L
72 0 360 R
72 0 180 R
72 0 360 L
68 33 270 R
68 33 270 L
68 33 90 R
68 33 90 L
34 28 90 R
34 28 90 L
34 28 270 R
34 28 270 L
90 11 270 R
90 11 270 L
88 28 270 R
90 11 90 R
90 11 90 L
88 28 90 L
88 28 270 L
88 28 90 R
69 81 360 R
69 81 360 L
69 81 180 R
69 81 180 L
95 98 180 R
95 98 180 L
95 98 360 R
95 98 360 L
81 49 90 R
81 49 90 L
81 49 270 R
81 49 270 L
28 26 270 R
28 26 270 L
28 26 90 R
28 26 90 L
47 52 270 R
47 52 270 L
47 52 90 R
47 52 90 L
82 19 360 R
82 19 360 L
82 19 180 R
82 19 180 L
29 80 270 R
29 80 270 L
96 0 270 L
29 80 90 R
29 80 90 L
96 0 90 R
96 0 270 R
96 0 90 L
39 17 180 R
39 17 180 L
90 86 180 L
39 17 360 R
39 17 360 L
90 86 360 R
90 86 360 L
90 86 180 R
48 46 360 R
48 46 360 L
34 64 360 L
48 46 180 R
48 46 180 L
34 64 180 R
34 64 360 R
34 64 180 L
2 68 180 R
2 68 180 L
37 1 180 L
2 68 360 R
2 68 360 L
37 1 360 R
37 1 180 R
37 1 360 L
7 11 270 R
7 11 270 L
69 11 270 L
7 11 90 R
7 11 90 L
69 11 90 L
69 11 90 R
69 11 270 R
7 60 360 R
7 60 360 L
7 60 180 R
7 60 180 L
58 49 360 R
58 49 360 L
26 98 360 L
58 49 180 R
58 49 180 L
26 98 180 R
26 98 360 R
26 98 180 L
8 56 90 R
8 56 90 L
8 56 270 R
8 56 270 L
50 86 180 R
50 86 180 L
85 52 180 L
50 86 360 R
50 86 360 L
85 52 360 R
85 52 360 L
85 52 180 R
33 34 90 R
33 34 90 L
45 35 90 L
33 34 270 R
33 34 270 L
45 35 270 R
45 35 90 R
45 35 270 L
93 73 180 R
93 73 180 L
10 28 180 R
93 73 360 R
93 73 360 L
10 28 360 L
10 28 180 L
10 28 360 R
51 72 90 R
51 72 90 L
48 19 90 R
51 72 270 R
51 72 270 L
48 19 270 L
48 19 270 R
48 19 90 L
54 19 270 R
54 19 270 L
54 19 90 R
54 19 90 L
96 74 270 R
96 74 270 L
96 74 90 R
96 74 90 L
76 4 180 R
76 4 180 L
76 4 360 R
76 4 360 L
59 44 90 R
59 44 90 L
31 36 90 R
59 44 270 R
59 44 270 L
31 36 270 L
74 75 180 R
74 75 180 L
17 53 180 R
74 75 360 R
74 75 360 L
17 53 360 L
31 36 90 L
31 36 270 R
17 53 360 R
17 53 180 L
57 86 360 R
57 86 360 L
57 86 180 R
57 86 180 L
10 73 270 R
10 73 270 L
10 73 90 R
10 73 90 L
40 6 270 R
40 6 270 L
63 0 270 L
40 6 90 R
40 6 90 L
63 0 90 R
43 7 180 R
43 7 180 L
43 7 360 R
43 7 360 L
63 0 270 R
63 0 90 L
52 40 90 R
52 40 90 L
53 45 90 L
52 40 270 R
52 40 270 L
53 45 270 R
53 45 90 R
53 45 270 L
56 6 360 R
56 6 360 L
30 72 360 L
56 6 180 R
56 6 180 L
30 72 180 R
30 72 360 R
30 72 180 L
71 91 360 R
71 91 360 L
9 85 360 L
71 91 180 R
71 91 180 L
9 85 180 R
37 47 270 R
37 47 270 L
37 47 90 R
37 47 90 L
9 85 180 L
9 85 360 R
25 76 180 R
25 76 180 L
25 76 360 R
25 76 360 L
27 66 90 R
27 66 90 L
10 67 90 L
27 66 270 R
27 66 270 L
10 67 270 R
10 67 270 L
10 67 90 R
20 5 270 R
20 5 270 L
20 5 90 R
20 5 90 L
38 45 180 R
38 45 180 L
12 77 180 R
38 45 360 R
38 45 360 L
12 77 360 L
12 77 360 R
12 77 180 L
3 81 90 R
3 81 90 L
3 81 270 R
3 81 270 L
28 65 360 R
28 65 360 L
28 65 180 R
28 65 180 L
27 14 90 R
27 14 90 L
27 14 270 R
27 14 270 L
91 15 90 R
91 15 90 L
84 75 90 L
91 15 270 R
91 15 270 L
84 75 270 R
84 75 270 L
84 75 90 R
67 71 360 R
67 71 360 L
67 71 180 R
67 71 180 L
50 74 360 R
50 74 360 L
50 74 180 R
50 74 180 L
62 33 90 R
62 33 90 L
51 35 90 L
62 33 270 R
62 33 270 L
51 35 270 R
51 35 90 R
51 35 270 L
81 21 180 R
81 21 180 L
93 95 180 L
81 21 360 R
81 21 360 L
93 95 360 R
93 95 360 L
93 95 180 R
3 93 180 R
3 93 180 L
2 63 180 R
3 93 360 R
3 93 360 L
2 63 360 L
2 63 180 L
2 63 360 R
36 25 90 R
36 25 90 L
36 25 270 R
36 25 270 L
9 92 270 R
9 92 270 L
9 92 90 R
9 92 90 L
14 77 270 R
14 77 270 L
4 83 270 R
14 77 90 R
14 77 90 L
4 83 90 L
76 31 180 R
76 31 180 L
76 31 360 R
76 31 360 L
4 83 270 L
4 83 90 R
89 0 180 R
89 0 180 L
92 91 180 L
89 0 360 R
89 0 360 L
92 91 360 R
92 91 360 L
92 91 180 R
29 20 270 R
29 20 270 L
29 20 90 R
29 20 90 L
29 31 180 R
29 31 180 L
83 15 180 L
29 31 360 R
29 31 360 L
83 15 360 R
38 99 270 R
38 99 270 L
38 99 90 R
38 99 90 L
83 15 360 L
83 15 180 R
65 51 180 R
65 51 180 L
53 79 180 R
65 51 360 R
65 51 360 L
53 79 360 L
53 79 360 R
53 79 180 L
85 75 360 R
85 75 360 L
10 50 360 L
85 75 180 R
85 75 180 L
10 50 180 R
10 50 180 L
10 50 360 R
98 20 90 R
98 20 90 L
31 79 90 L
98 20 270 R
98 20 270 L
31 79 270 R
31 79 270 L
31 79 90 R
4 16 90 R
4 16 90 L
4 16 270 R
4 16 270 L
93 21 180 R
93 21 180 L
93 21 360 R
93 21 360 L
74 78 90 R
74 78 90 L
6 97 90 L
74 78 270 R
74 78 270 L
6 97 270 R
6 97 90 R
6 97 270 L
100 13 270 R
100 13 270 L
90 38 270 R
100 13 90 R
100 13 90 L
90 38 90 L
90 38 90 R
90 38 270 L
92 52 90 R
92 52 90 L
85 87 90 L
92 52 270 R
92 52 270 L
85 87 270 R
85 87 90 R
85 87 270 L
16 94 90 R
16 94 90 L
16 94 270 R
16 94 270 L
54 39 360 R
54 39 360 L
54 39 180 R
54 39 180 L
9 83 270 R
9 83 270 L
9 83 90 R
9 83 90 L
Zadanie 4.3
154
ZAdanie 4.4
Max 4
Min 1
